0.725
0.7
0.65
0.45
0.425
0.35
0.5
0.5
0.5
0.6
0.65
0.35
0.55
0.4
0.45
0.45
0.8
0.75
0.75
0.8
0.5
0.45
0.6
0.2
0.55
0.35
0.525
0.625
0.25
0.3
0.25
0.25
0.15
0.2
0.4
0.15
0.6
0.775
0.175
0.375
0.3
0.35
0.175
0.3
0.45
0.7
0.55
0.3
0.425
0.375
0.65
0.45
0.55
0.4
0.2
0.35
0.23
0.45
0.375
0.275
0.25
0.55
0.45
0.7
0.5
0.85
0.3
0.4
0.2
0.1
0.4
0.225
0.2
0.35
0.2
0.25
0.1
0.25
0.15
0.75
0.85
0.9
0.85
0.8
0.8
0.325
0.425
0.5
0.45
0.45
0.875
0.875
0.85
0.775
0.725
0.25
0.375
0.3
0.425
0.4